12345678901234567890123456789012345678901234567890


4020402000027420070
8334504004272715544
1121800904771805710
4601090709823020247
8762647105970842970
5563542203925065181
2800921005620765070
9232924706025956285
1433747804371735503
7858631403024917205
8888585206871825403
0369720008972243110
2290298409022783137
4599255700872578410
5730699409373006125
2033015408720510270
3651580105024723050
4433336300471995565
0117378402028930970
3915712400072322011
1641230606472260628
2000689604972317107
2427739901073401315
0167831003472130718
7392127608072003720
