12345678901234567890123456789012345678901234567890

1121800904748275839201746
8888585206880532746089351
5730699409321694827610395
0117378402087406350942187
5563542203954734927516380
9232924706056136742185039
3651580105075317093158246
2427739901026087305842169
0167831003494829135602748
7392127608091451589364207
1433747804319367416382059
8762647105947198394162057
4601090709831752457936810
1641230606463826052718493
4599255700853061905274638
8334504004268248614325709
2290298409070529265147038
2800921005640975379201846
3915712400015279513704286
2000689604928463086459271
7858631403031643158074926
4433336300439484168257309
4020402000062717820496153
0369720008982918642095317
2033015408773055293718046